50 50
100
28 16
39 47
19 12
42 1
47 12
47 34
43 7
39 28
7 40
11 22
25 34
31 28
27 18
2 46
10 30
30 26
32 44
6 12
5 38
28 1
14 13
46 4
14 17
22 32
9 30
1 2
28 21
6 48
45 20
47 12
19 40
30 41
0 11
18 45
40 16
40 21
37 47
4 42
0 23
18 1
16 5
5 22
15 41
44 34
0 26
15 1
48 24
41 30
29 29
5 14
40 3
36 36
18 40
34 30
30 5
3 4
27 28
14 16
2 27
4 32
44 48
39 9
23 38
0 42
11 40
6 30
42 11
43 36
19 15
22 27
49 18
44 38
22 33
40 17
35 42
45 28
36 21
32 17
46 1
8 39
35 32
35 49
8 4
15 33
39 49
27 0
32 5
38 5
37 21
43 2
14 23
47 43
16 7
10 40
44 18
23 30
39 4
21 47
3 41
25 19
28 34
31 47
4 29
22 7
27 46
30 3
39 44
19 11
41 31
18 25
11 24
45 49
43 13
1 35
14 17
39 2
30 42
38 38
34 35
16 37
32 41
32 49
46 37
49 20
2 25
34 43
31 15
22 41
29 9
36 30
32 20
5 5
48 24
11 12
6 10
24 9
43 27
9 32
46 18
44 27
12 21
12 27
28 22
21 29
19 36
1 19
42 37
34 39
11 30
0 24
38 45
41 21
5 28
16 15
20 29
40 26
14 17
23 2
39 2
26 49
10 44
35 24
34 2
27 14
18 14
6 49
7 9
31 46
26 9
35 31
47 14
27 25
18 43
36 21
4 29
37 40
24 30
38 19
28 10
26 49
32 24
27 39
11 20
45 12
25 22
18 19
47 14
28 21
40 33
2 23
38 8
29 9
21 24
47 39
22 0
31 31
36 7
20 23
25 9
28 17
19 11
49 34
41 46
34 40
11 15
1 1
22 6
8 20
15 19
6 2
7 17
46 42
13 6
48 44
6 14
31 21
41 22
48 48
27 18
37 31
20 36
33 46
43 28
32 8
9 46
0 41
41 17
43 6
44 14
26 4
45 48
18 7
4 12
0 40
13 8
28 49
26 9
37 12
22 19
6 46
22 6
25 27
19 2
27 13
1 31
30 9
17 13
34 37
41 19
2 30
27 36
48 37
42 44
1 4
28 38
4 1
13 46
12 31
20 37
33 36
9 14
10 38
22 28
13 22
6 26
28 38
37 1
30 17
38 28
41 27
47 45
25 25
4 42
0 20
8 2
10 30
40 19
42 4
10 34
10 22
26 24
12 32
21 26
16 35
42 31
22 8
31 36
25 32
20 45
6 16
45 33
43 32
5 9
49 16
14 48
26 11
11 46
23 36
40 1
23 14
37 41
5 7
4 11
8 6
2 45
10 33
12 15
48 33
28 1
35 43
37 23
34 31
43 25
49 41
0 6
33 27
6 13
9 36
32 48
40 49
11 37
30 16
1 22
8 36
7 44
16 22
19 20
11 23
12 31
14 39
14 2
34 12
26 17
11 40
30 8
32 23
2 42
35 8
13 30
29 23
26 3
19 17
35 5
31 44
17 48
5 46
14 42
2 0
36 6
40 3
35 46
48 42
23 31
25 5
6 14
32 48
24 20
0 27
11 10
3 12
31 10
19 13
1 7
37 43
22 45
19 3
23 14
36 36
11 43
21 8
0 41
36 35
33 28
28 26
13 36
5 18
29 40
11 1
1 19
42 41
32 19
49 14
4 15
6 37
30 45
0 37
41 47
45 6
8 1
19 13
10 25
15 17
17 47
0 9
31 31
0 44
40 16
10 4
33 15
36 20
17 12
33 28
20 41
35 49
3 47
33 29
47 34
45 33
33 12
16 34
36 9
10 44
40 1
38 5
17 15
42 11
24 49
17 14
12 16
19 46
42 43
1 47
2 47
21 3
3 29
23 6
48 22
29 0
42 42
38 46
5 39
34 30
40 24
14 23
30 6
21 21
47 9
10 49
6 18
22 36
6 23
14 43
25 27
15 37
8 2
2 23
14 41
41 48
45 4
24 46
38 15
48 22
46 22
30 43
47 14
47 44
17 34
29 34
36 12
47 5
17 28
1 36
41 29
39 14
38 4
4 21
13 9
38 15
1 16
12 48
27 34
33 47
6 26
47 6
33 28
37 27
19 39
16 29
42 40
38 33
13 5
5 49
9 29
39 34
17 47
43 43
18 10
0 15
45 36
2 30
4 11
35 10
7 42
22 2
27 45
6 33
6 19
34 18
13 11
13 11
16 31
11 22
13 30
36 18
0 7
37 11
29 46
2 40
25 19
34 14
33 5
46 12
28 7
48 22
24 43
16 4
2 14
8 28
21 36
0 5
36 10
46 19
13 36
40 8
45 26
34 44
48 14
10 14
23 22
1 9
27 38
1 0
45 42
5 44
11 3
30 18
21 35
9 5
38 31
13 6
49 1
21 11
15 38
27 31
39 13
32 48
47 41
15 6
30 15
22 1
24 47
22 31
42 23
41 14
3 25
39 3
30 11
21 12
4 17
41 26
31 8
1 25
24 8
32 34
14 23
46 16
25 41
10 23
34 26
23 48
42 21
3 34
39 34
44 2
8 40
6 5
20 14
10 10
25 44
38 36
44 22
49 43
21 14
28 40
31 37
33 12
1 11
47 19
13 7
39 4
13 8
28 46
33 31
15 34
27 3
43 29
23 12
36 3
8 15
36 23
0 0
19 0
40 6
1 19
1 5
31 9
35 5
5 43
29 10
7 14
20 14
16 31
26 6
24 25
46 41
2 26
28 34
39 0
48 35
9 9
47 30
11 44
17 15
9 1
4 37
28 20
0 22
7 9
46 18
35 35
31 5
38 31
27 5
39 37
47 14
31 23
22 29
16 24
28 28
31 20
15 17
23 30
19 32
49 14
31 48
3 26
49 25
38 45
26 15
15 1
41 20
1 2
19 40
35 28
19 43
27 48
35 34
1 16
45 49
38 14
14 40
44 25
35 26
27 21
48 47
23 22
9 41
22 18
28 42
28 13
29 9
4 8
26 44
4 4
36 29
20 37
9 42
12 10
25 8
0 30
7 10
23 13
36 17
15 37
22 37
0 46
23 32
28 45
40 1
6 3
48 38
10 40
19 13
5 15
30 6
36 43
27 11
14 5
46 28
11 40
22 33
7 6
39 4
32 39
11 32
49 49
14 9
22 25
1 14
37 3
35 30
36 2
41 19
16 21
43 32
14 30
5 11
5 13
29 37
34 34
49 11
17 14
42 18
13 20
5 11
46 15
5 19
18 3
44 8
2 30
34 49
44 33
2 28
39 11
8 17
21 4
14 25
33 31
12 49
44 44
48 17
8 28
4 14
19 9
43 32
41 12
14 34
25 16
26 33
37 7
46 35
16 35
34 45
47 25
5 24
4 37
4 44
0 7
4 30
7 35
34 16
42 32
16 5
17 19
17 25
24 3
32 12
18 25
8 49
35 19
8 13
38 32
19 41
0 28
41 48
7 15
18 12
6 7
15 40
1 4
18 46
7 13
17 0
15 3
37 32
38 33
23 32
37 33
27 38
7 29
48 20
25 5
26 27
45 45
9 15
40 49
49 20
48 15
35 21
11 7
17 18
9 37
20 40
28 1
6 25
40 1
46 2
2 29
21 35
27 25
41 30
15 32
3 4
39 41
49 15
8 3
49 12
11 26
39 38
13 13
15 29
4 25
38 28
38 47
31 20
35 40
3 3
4 23
30 21
21 9
23 23
34 16
34 4
9 11
46 43
2 29
30 7
10 4
47 39
1 9
42 11
33 49
45 39
12 45
29 0
20 31
5 37
42 37
21 41
27 46
48 21
31 36
21 13
35 11
27 36
24 44
20 46
22 37
18 6
46 20
1 29
38 40
1 0
38 30
38 47
4 19
36 35
42 7
13 49
49 2
30 43
32 5
27 12
36 7
36 36
32 14
21 36
6 37
27 25
23 44
15 45
9 46
37 27
30 13
9 29
22 21
41 47
31 11
19 47
45 41
7 22
6 18
11 33
40 47
35 23
34 22
8 43
20 19
44 35
34 22
15 11
36 26
37 44
29 5
26 21
16 35
41 10
36 0
40 7
45 2
37 14
12 38
45 34
13 34
33 3
9 48
28 45
49 4
34 5
32 40
18 41
0 0
31 2
6 49
47 42
8 19
20 32
19 19
32 48
48 13
31 3
2 15
7 11
21 38
11 33
30 1
34 27
41 32
41 18
21 39
41 17
9 23
1 30
1 3
14 14
45 12
44 20
25 19
9 42
31 24
43 4
39 27
34 12
12 39
3 40
7 0
31 26
10 0
19 1
10 5
46 20
5 23
37 22
21 25
14 6
12 48
26 49
48 38
32 19
48 22
18 2
46 6
11 22
46 13
13 2
36 14
0 28
19 26
25 22
48 41
24 42
12 16
49 7
11 8
34 8
33 39
7 20
34 45
8 7
13 40
29 2
32 26
45 4
3 36
16 49
16 11
22 8
7 11
29 11
9 31