80 80
100
0 74
75 53
47 1
4 30
62 65
61 18
8 4
26 27
5 4
15 56
47 30
50 44
54 48
79 44
41 46
30 70
48 32
15 17
66 56
22 50
5 12
67 52
57 67
33 62
77 72
16 59
57 21
30 58
71 47
9 36
11 22
29 5
55 29
7 78
69 69
14 70
62 68
16 35
68 21
19 72
8 32
14 43
15 7
57 57
61 38
4 76
74 52
28 58
33 63
43 70
75 29
28 43
61 68
6 63
64 34
29 56
78 61
44 27
56 65
64 52
54 43
62 7
19 36
53 3
15 4
60 43
3 15
25 57
5 62
14 55
63 4
69 52
55 41
1 16
55 62
45 63
74 29
41 33
56 61
58 51
53 12
8 9
19 47
18 59
79 13
17 68
22 45
35 69
78 32
79 68
67 18
34 1
66 17
73 78
74 32
27 12
18 63
25 35
66 66
49 60
12 4
74 47
0 77
76 58
22 5
63 19
25 23
66 35
38 21
17 30
75 10
33 48
5 57
74 63
79 28
44 35
42 48
8 8
1 14
6 12
69 26
23 63
39 46
61 60
26 20
6 69
18 68
37 50
14 23
25 17
53 9
78 38
60 79
3 26
44 7
73 20
62 66
35 64
21 12
38 7
47 23
33 13
38 27
53 69
78 39
41 11
47 39
71 54
58 41
0 10
22 0
55 42
51 17
63 35
37 30
44 12
28 68
70 78
64 1
75 61
73 44
12 0
14 27
71 14
1 14
52 75
13 59
11 49
76 54
78 9
62 27
32 52
30 78
40 31
48 60
27 15
39 64
53 36
60 36
17 4
51 42
52 47
25 44
21 41
9 2
11 42
18 15
7 64
73 11
32 78
53 23
11 43
50 13
27 1
22 11
44 31
17 12
0 63
65 27
46 57
58 38
15 5
66 21
2 24
33 61
4 6
40 71
7 23
47 72
15 24
43 29
66 27
52 55
15 26
35 26
17 0
61 34
42 72
11 43
10 78
49 16
11 56
42 46
25 26
10 73
1 23
27 45
69 60
74 66
60 32
79 26
51 39
65 18
43 22
4 6
48 1
32 64
7 42
26 22
59 56
2 13
68 78
8 27
2 16
11 28
49 51
27 79
56 33
8 19
60 5
64 40
62 47
62 13
18 56
50 73
30 34
41 40
79 77
1 22
29 66
69 60
56 68
33 25
66 78
77 65
73 43
69 34
15 9
0 51
60 4
56 46
21 36
10 46
31 58
59 42
22 35
33 74
19 51
38 8
77 14
4 46
58 68
29 29
74 67
64 44
39 6
76 4
16 2
11 36
29 37
2 71
60 56
6 77
10 59
60 3
4 30
77 68
5 24
36 42
75 61
40 38
44 9
11 58
16 35
31 73
4 72
34 66
61 64
59 59
71 75
47 18
17 44
11 63
77 64
48 46
11 16
74 45
0 29
79 59
37 75
35 3
68 76
78 73
53 8
73 60
7 13
58 54
71 41
27 72
62 26
12 23
7 12
8 63
19 56
52 42
73 42
58 25
26 51
38 67
76 26
70 6
79 15
69 7
2 58
55 61
21 41
26 73
16 5
15 31
50 42
38 79
7 50
3 51
42 64
4 7
63 14
24 51
40 53
54 26
23 21
60 0
56 3
74 44
46 33
27 32
28 5
72 29
37 3
0 59
45 75
12 4
20 31
16 10
64 21
53 69
22 33
11 6
23 6
62 12
59 25
59 52
65 24
58 17
79 26
62 35
68 26
48 21
37 42
22 36
6 17
68 25
38 18
11 63
12 51
23 29
51 9
19 39
72 33
5 10
22 12
72 66
76 3
37 31
59 31
4 28
48 47
77 25
42 57
48 73
78 12
22 1
38 11
57 12
20 67
31 61
55 14
6 78
6 8
19 63
32 68
47 74
14 74
72 50
15 29
66 60
51 68
7 48
74 73
12 42
7 20
38 24
69 42
69 28
67 72
52 70
27 49
73 8
63 18
66 57
71 28
69 51
23 51
17 30
41 12
48 38
19 54
16 53
29 45
54 29
56 8
26 16
3 41
18 2
66 19
31 31
2 19
56 45
8 39
14 32
27 22
38 25
27 43
79 69
71 65
6 51
12 46
62 47
0 0
38 41
76 35
36 0
3 64
16 12
6 67
35 79
31 56
21 52
74 57
26 39
75 28
50 73
14 79
60 62
63 47
16 26
3 0
45 44
57 8
31 70
69 24
59 39
24 25
13 49
73 34
45 76
62 25
9 2
10 31
6 32
59 22
57 19
51 4
36 69
30 28
14 3
10 66
27 28
72 2
74 42
58 41
27 15
14 28
72 44
10 44
52 60
39 52
29 34
7 48
74 30
68 3
15 53
66 40
16 62
20 51
60 71
41 2
3 55
40 27
75 20
26 15
54 25
21 16
63 9
65 30
70 11
34 20
4 48
76 52
37 2
15 69
29 2
37 64
2 53
53 58
30 22
42 27
60 67
46 18
42 36
62 52
75 41
11 26
36 6
49 66
13 32
46 38
43 32
44 35
52 55
61 55
30 35
62 45
20 64
27 36
30 73
58 67
61 15
10 49
13 21
38 17
4 19
60 18
78 16
7 30
14 48
64 21
60 6
23 26
47 14
32 77
60 61
0 16
72 72
45 4
35 53
44 5
67 63
49 28
26 38
76 56
59 8
66 28
25 28
46 42
79 60
44 56
33 66
77 9
20 57
17 48
75 8
74 17
73 1
30 53
49 44
57 69
36 57
0 60
71 56
10 60
22 32
11 37
56 73
56 72
37 14
69 3
30 54
65 46
10 2
65 14
32 73
34 5
78 60
28 78
15 64
20 71
39 21
8 3
34 57
77 8
58 47
7 76
50 5
33 2
41 58
32 55
28 21
35 79
5 53
74 53
57 44
6 59
18 25
57 59
65 56
33 21
64 72
70 57
76 21
6 31
1 31
54 23
51 18
43 74
78 20
42 9
7 41
57 18
62 25
20 65
3 62
23 1
68 43
67 26
36 62
67 75
10 48
22 22
7 5
40 59
40 15
33 72
50 53
43 27
52 48
9 23
25 40
69 11
7 42
15 52
43 52
26 64
47 18
31 23
69 47
16 6
30 75
8 67
59 66
36 19
35 76
3 77
73 18
5 11
6 66
29 52
9 73
79 17
23 58
41 78
67 52
75 71
8 19
36 23
68 6
48 44
20 52
66 79
40 10
46 60
9 72
77 11
79 14
77 79
64 23
26 76
1 78
48 59
46 24
40 10
43 57
33 63
17 20
11 0
60 11
17 50
1 46
43 53
73 41
17 13
6 41
11 34
72 3
75 66
74 64
58 25
68 69
61 64
3 53
74 20
31 2
1 7
68 20
1 53
29 50
2 69
14 6
67 21
27 12
36 3
24 61
42 71
39 4
40 23
49 14
29 26
30 12
56 49
29 31
46 9
20 43
27 26
64 34
64 74
52 15
56 59
24 70
53 20
36 34
10 41
63 42
12 69
29 18
48 79
66 34
20 36
32 32
13 28
39 10
35 55
43 15
70 19
34 42
29 64
33 27
27 52
65 79
73 42
73 7
68 70
63 12
38 53
63 16
21 78
37 79
67 53
78 39
23 41
66 75
0 5
63 43
15 57
27 8
12 42
41 74
40 38
15 31
0 15
73 4
29 27
17 58
62 5
60 65
17 7
64 58
44 77
69 67
2 16
26 53
57 56
15 77
4 55
67 16
42 19
43 55
34 53
63 26
61 37
75 29
3 58
63 53
77 26
11 70
4 45
69 47
49 6
33 39
33 13
16 67
79 18
7 10
64 65
37 58
11 24
28 68
8 6
21 27
62 27
65 47
58 23
39 7
32 10
79 47
62 31
16 18
17 1
20 59
2 18
55 79
62 66
53 47
57 60
73 79
13 71
36 35
28 10
33 28
44 37
50 1
47 28
57 27
19 34
2 60
37 31
27 57
36 41
19 21
18 74
9 10
49 40
17 15
76 15
49 46
68 67
67 66
48 31
19 41
61 32
74 17
5 44
71 48
43 24
69 35
60 10
17 12
37 51
61 11
24 68
45 9
8 30
23 20
49 21
47 30
38 35
32 13
27 21
53 1
5 2
27 47
58 70
36 2
5 50
59 20
71 24
59 34
32 49
6 6
48 71
7 42
63 40
62 76
5 54
19 4
76 62
67 64
50 51
48 5
6 61
76 55
44 74
31 27
33 62
57 8
66 76
0 61
2 72
79 13
15 4
53 50
78 74
19 13
64 35
45 12
24 17
32 67
76 21
62 10
55 72
31 79
76 28
79 11
53 57
45 61
71 40
68 9
50 64
41 52
51 39
75 12
45 19
68 21
61 55
77 14
77 6
26 61
53 70
60 30
4 23
35 14
5 54
77 79
37 17
13 59
33 27
26 37
43 70
77 19
36 61
11 59
40 67
5 41
76 5
2 27
48 48
49 26
63 42
15 73
3 65
24 78
6 66
1 3
25 3
15 67
75 13
73 72
55 35
1 25
31 62
11 6
70 38
