50 50
50
45 29
33 41
37 38
38 41
35 26
31 38
45 43
35 38
28 26
26 28
30 45
44 34
39 35
25 31
42 44
36 29
45 35
32 34
44 36
36 45
41 36
40 31
30 27
36 32
37 42
26 44
29 36
43 44
28 44
30 30
44 43
33 30
34 35
30 36
36 27
25 39
29 33
29 36
39 25
26 25
39 25
41 41
40 26
25 29
39 30
28 26
44 40
41 34
37 41
35 28
29 41
34 35
43 31
30 33
34 29
27 41
43 37
29 32
40 43
27 36
27 32
31 37
25 26
28 34
40 34
31 38
44 36
43 25
44 33
43 27
33 45
29 28
29 44
35 44
38 30
43 38
43 39
28 36
35 43
41 31
42 27
43 39
25 41
30 28
42 35
26 27
40 40
41 34
25 38
30 35
44 35
28 34
29 30
43 25
32 32
45 30
35 27
32 29
44 44
31 31
